1 1209.81 136.187 1.57316 0.0692213 -0.00134851 3.89875e-05 -0.00134851 0.0359466 -2.52601e-06 3.89875e-05 -2.52601e-06 7.19473e-08
2 1208.79 135.129 1.57265 0.0375872 -0.000407765 2.15099e-05 -0.000407765 0.0171512 -7.59059e-07 2.15099e-05 -7.59059e-07 3.90756e-08
3 1208.15 163.345 1.5863 0.0253985 -0.000104982 1.44976e-05 -0.000104982 0.0119994 -3.12051e-09 1.44976e-05 -3.12051e-09 4.37155e-08
4 1207.09 200.126 1.6078 0.0180703 -9.84998e-05 9.53237e-06 -9.84998e-05 0.00960367 -7.14539e-08 9.53237e-06 -7.14539e-08 4.42967e-08
5 1205.29 239.544 1.62429 0.014426 -5.59785e-05 7.30539e-06 -5.59785e-05 0.00846831 2.06999e-07 7.30539e-06 2.06999e-07 5.02497e-08
6 1202.88 282.169 1.63641 0.0117782 -1.67572e-05 4.84526e-06 -1.67572e-05 0.0076522 4.81569e-07 4.84526e-06 4.81569e-07 3.74883e-08
7 1200.01 324.984 1.64896 0.00967681 -4.57094e-05 3.61821e-06 -4.57094e-05 0.0070617 2.78354e-07 3.61821e-06 2.78354e-07 4.76879e-08
8 1195.77 378.539 1.65751 0.00853886 -8.37573e-05 1.93454e-06 -8.37573e-05 0.00707394 2.95658e-07 1.93454e-06 2.95658e-07 5.434e-08
9 1190.18 452.284 1.66772 0.00948384 -1.73336e-05 -9.2605e-07 -1.73336e-05 0.00756034 -8.55907e-08 -9.2605e-07 -8.55907e-08 7.56534e-08
10 1183.66 529.097 1.67577 0.00880887 -4.19302e-05 -3.1087e-06 -4.19302e-05 0.00788694 -1.10135e-06 -3.1087e-06 -1.10135e-06 8.39535e-08
10 1179.13 583.056 1.67616 0.00794101 -6.53009e-05 -1.80288e-06 -6.53009e-05 0.00780238 -8.72452e-07 -1.80288e-06 -8.72452e-07 5.95328e-08
11 1174.45 627.942 1.66633 0.00727945 -8.7087e-05 -1.00092e-06 -8.7087e-05 0.00791349 -8.68081e-07 -1.00092e-06 -8.68081e-07 5.30412e-08
12 1170.06 673.272 1.65532 0.0066834 -9.87309e-05 -6.73263e-07 -9.87309e-05 0.00807809 -9.78619e-07 -6.73263e-07 -9.78619e-07 5.04233e-08
13 1164.98 727.541 1.64982 0.00612804 -0.00012068 -5.88481e-07 -0.00012068 0.00830321 -1.02913e-07 -5.88481e-07 -1.02913e-07 5.03665e-08
14 1157.77 809.167 1.64344 0.00589388 -0.00015761 -2.44847e-06 -0.00015761 0.00881669 -1.74547e-07 -2.44847e-06 -1.74547e-07 6.56688e-08
15 1151.52 879.64 1.64008 0.00581715 -0.000198277 -3.41447e-06 -0.000198277 0.00921904 2.11845e-07 -3.41447e-06 2.11845e-07 7.09903e-08
16 1146.49 937.145 1.63985 0.00570905 -0.000228923 -3.61489e-06 -0.000228923 0.00937543 4.21145e-07 -3.61489e-06 4.21145e-07 6.90837e-08
17 1142.69 984.229 1.64402 0.00561988 -0.000265104 -3.69958e-06 -0.000265104 0.00978246 5.89396e-07 -3.69958e-06 5.89396e-07 7.31117e-08
18 1138.21 1037.79 1.64791 0.00560082 -0.000305403 -4.18727e-06 -0.000305403 0.0101639 6.26149e-07 -4.18727e-06 6.26149e-07 7.58496e-08
19 1133.9 1095.36 1.65326 0.00574818 -0.000308074 -5.31706e-06 -0.000308074 0.010787 -2.76725e-07 -5.31706e-06 -2.76725e-07 8.436e-08
20 1131.94 1126.4 1.66109 0.00550028 -0.00025378 -3.85741e-06 -0.00025378 0.0105516 -8.25045e-07 -3.85741e-06 -8.25045e-07 6.37452e-08
21 1130.55 1149.44 1.67225 0.00527921 -0.000219255 -3.08468e-06 -0.000219255 0.010286 -1.08788e-06 -3.08468e-06 -1.08788e-06 5.66186e-08
22 1127.66 1191.48 1.69406 0.00516975 -0.000219436 -2.86091e-06 -0.000219436 0.0103099 -8.67481e-07 -2.86091e-06 -8.67481e-07 5.84881e-08
23 1122.43 1239.39 1.71344 0.00525502 -0.00021243 -4.102e-06 -0.00021243 0.0104925 -1.1512e-06 -4.102e-06 -1.1512e-06 7.40666e-08
24 1116.53 1281.93 1.71871 0.00523195 -0.00019275 -4.21446e-06 -0.00019275 0.0107509 -1.58722e-06 -4.21446e-06 -1.58722e-06 7.13645e-08
25 1109.2 1328.72 1.7171 0.00528154 -0.000222265 -4.7729e-06 -0.000222265 0.0112939 -1.12393e-06 -4.7729e-06 -1.12393e-06 7.86561e-08
25 1101.21 1372.37 1.7019 0.00525921 -0.00025962 -4.63243e-06 -0.00025962 0.0114292 -5.951e-07 -4.63243e-06 -5.951e-07 7.28637e-08
26 1093.44 1418.12 1.68524 0.00509772 -0.000294876 -3.91283e-06 -0.000294876 0.0116091 -2.32772e-07 -3.91283e-06 -2.32772e-07 6.65176e-08
27 1087.5 1462.3 1.6728 0.0050617 -0.000330023 -3.99428e-06 -0.000330023 0.0118115 -1.37744e-08 -3.99428e-06 -1.37744e-08 6.93582e-08
28 1082.64 1504.25 1.66307 0.00501154 -0.000368518 -3.98955e-06 -0.000368518 0.0122237 1.88796e-07 -3.98955e-06 1.88796e-07 6.90878e-08
29 1082.28 1508.12 1.6434 0.00468078 -0.00035698 -2.48554e-06 -0.00035698 0.0122074 7.8502e-08 -2.48554e-06 7.8502e-08 5.13217e-08
30 1082.33 1507.64 1.56409 0.00449617 -0.000333304 -1.76237e-06 -0.000333304 0.0120949 -1.59672e-07 -1.76237e-06 -1.59672e-07 4.8326e-08
31 1082.67 1505.89 1.32834 0.00433308 -0.000247551 -1.04032e-06 -0.000247551 0.0118838 -5.27004e-07 -1.04032e-06 -5.27004e-07 5.95631e-08
33 1082.64 1504.8 1.07219 0.00425205 -8.06677e-05 -4.70129e-07 -8.06677e-05 0.011801 -7.31175e-07 -4.70129e-07 -7.31175e-07 6.65636e-08
34 1081.81 1503.65 0.824324 0.00420538 0.00011217 6.18286e-08 0.00011217 0.0111615 -7.32483e-07 6.18286e-08 -7.32483e-07 5.89937e-08
35 1080.86 1503 0.788092 0.00411153 0.000180254 3.55816e-07 0.000180254 0.0106857 -6.85902e-07 3.55816e-07 -6.85902e-07 4.69145e-08
36 1079.12 1502.44 0.832789 0.00390279 0.000165648 3.28189e-07 0.000165648 0.0100857 -5.9094e-07 3.28189e-07 -5.9094e-07 3.52797e-08
37 1078.17 1501.89 0.843979 0.0037764 0.000153871 1.42677e-07 0.000153871 0.00953488 -7.13984e-07 1.42677e-07 -7.13984e-07 2.82995e-08
38 1077 1501.65 0.692167 0.00385008 0.000289328 1.84715e-08 0.000289328 0.00928843 -7.94579e-07 1.84715e-08 -7.94579e-07 4.63369e-08
39 1076.34 1501.73 0.49117 0.0040866 0.000450611 5.79334e-08 0.000450611 0.0091638 -8.45054e-07 5.79334e-08 -8.45054e-07 6.84172e-08
40 1075.46 1502.15 0.224089 0.00437939 0.000551739 4.1083e-08 0.000551739 0.00896843 -8.8113e-07 4.1083e-08 -8.8113e-07 7.87528e-08
41 1074.08 1503.08 6.26472 0.00461193 0.000540233 -5.34921e-08 0.000540233 0.00866881 -8.53405e-07 -5.34921e-08 -8.53405e-07 7.67658e-08
42 1072.24 1503.03 6.27008 0.00442798 0.00048204 2.89784e-07 0.00048204 0.00833288 -7.48697e-07 2.89784e-07 -7.48697e-07 4.91369e-08
43 1091.3 1503.91 0.0853634 0.00452993 0.000479241 1.00997e-06 0.000479241 0.00823625 1.87636e-07 1.00997e-06 1.87636e-07 5.50222e-08
44 1112.6 1507.63 0.18594 0.00458746 0.000283277 1.53715e-06 0.000283277 0.0101746 1.12137e-06 1.53715e-06 1.12137e-06 5.48915e-08
45 1111.4 1508.09 0.193596 0.00443831 0.000260495 1.17737e-06 0.000260495 0.00991919 5.628e-07 1.17737e-06 5.628e-07 4.31209e-08
46 1109.81 1508.3 0.20727 0.00425112 0.000244376 1.01951e-06 0.000244376 0.00971462 2.96476e-07 1.01951e-06 2.96476e-07 3.46872e-08
47 1109.1 1508.53 0.224123 0.00417296 0.000236248 9.08853e-07 0.000236248 0.00952959 1.26783e-07 9.08853e-07 1.26783e-07 3.20809e-08
48 1108.01 1508.7 0.244743 0.00404328 0.000224834 7.42175e-07 0.000224834 0.00937119 -9.00059e-08 7.42175e-07 -9.00059e-08 2.87857e-08
49 1106.85 1508.72 0.264683 0.00390503 0.000219085 6.53974e-07 0.000219085 0.00924429 -1.14646e-07 6.53974e-07 -1.14646e-07 2.65515e-08
50 1105.74 1508.71 0.284784 0.00377246 0.000213822 5.76972e-07 0.000213822 0.00910383 -1.22048e-07 5.76972e-07 -1.22048e-07 2.45254e-08
51 1104.7 1508.7 0.305418 0.00364615 0.000208647 5.51981e-07 0.000208647 0.00896366 -1.29619e-07 5.51981e-07 -1.29619e-07 2.2887e-08
52 1103.69 1508.51 0.321758 0.00352033 0.000199113 5.25194e-07 0.000199113 0.00864646 -1.54275e-07 5.25194e-07 -1.54275e-07 2.13295e-08
53 1102.63 1508.33 0.338415 0.00338678 0.000190798 5.06377e-07 0.000190798 0.00837711 -1.74159e-07 5.06377e-07 -1.74159e-07 2.00062e-08
54 1101.78 1508.26 0.353556 0.00327969 0.000186243 4.69204e-07 0.000186243 0.00822452 -2.07807e-07 4.69204e-07 -2.07807e-07 1.92765e-08
55 1101.07 1508.23 0.369286 0.00319503 0.00018515 4.38673e-07 0.00018515 0.00810973 -2.14863e-07 4.38673e-07 -2.14863e-07 1.90583e-08
56 1100.32 1508.07 0.38496 0.00309593 0.000180469 4.23258e-07 0.000180469 0.00789305 -2.11645e-07 4.23258e-07 -2.11645e-07 1.83478e-08
57 1099.98 1507.97 0.400725 0.00305466 0.000181243 4.27833e-07 0.000181243 0.00773519 -1.91237e-07 4.27833e-07 -1.91237e-07 1.85604e-08
58 1099.25 1507.84 0.418508 0.00295992 0.000179297 3.75631e-07 0.000179297 0.00758957 -1.92697e-07 3.75631e-07 -1.92697e-07 1.81112e-08
59 1098.59 1507.66 0.420766 0.00289304 0.000183798 3.20042e-07 0.000183798 0.00744141 -2.41527e-07 3.20042e-07 -2.41527e-07 1.92614e-08
60 1098.21 1507.81 0.225187 0.00312535 0.000262849 2.72611e-07 0.000262849 0.00736294 -2.85727e-07 2.72611e-07 -2.85727e-07 4.23804e-08
61 1097.71 1507.94 0.0891961 0.00334192 0.000284195 2.126e-07 0.000284195 0.00726707 -3.78983e-07 2.126e-07 -3.78983e-07 5.45988e-08
62 1097.24 1508.02 0.121345 0.00328312 0.000272994 1.5216e-07 0.000272994 0.00708398 -3.35642e-07 1.5216e-07 -3.35642e-07 4.18509e-08
63 1096.48 1508.1 0.140062 0.00318329 0.000258005 2.40923e-07 0.000258005 0.0068976 -3.38024e-07 2.40923e-07 -3.38024e-07 3.41464e-08
64 1095.76 1508.22 0.149995 0.00309411 0.000245912 2.67092e-07 0.000245912 0.00673368 -3.56491e-07 2.67092e-07 -3.56491e-07 2.94657e-08
65 1095.13 1508.24 0.164503 0.00301723 0.00023814 2.9177e-07 0.00023814 0.00661408 -2.72813e-07 2.9177e-07 -2.72813e-07 2.70767e-08
66 1094.63 1508.26 0.185366 0.00294869 0.000230614 3.00928e-07 0.000230614 0.00647849 -2.34844e-07 3.00928e-07 -2.34844e-07 2.47912e-08
67 1094.16 1508.29 0.20504 0.00287597 0.000223172 2.53453e-07 0.000223172 0.00633645 -2.42094e-07 2.53453e-07 -2.42094e-07 2.30802e-08
67 1093.69 1508.29 0.224977 0.00280651 0.000214789 2.69573e-07 0.000214789 0.00614978 -2.13157e-07 2.69573e-07 -2.13157e-07 2.18192e-08
68 1093.29 1508.28 0.243893 0.00274727 0.000209085 2.81108e-07 0.000209085 0.00601588 -2.08613e-07 2.81108e-07 -2.08613e-07 2.06818e-08
69 1092.93 1508.27 0.263737 0.002699 0.000204535 3.05786e-07 0.000204535 0.00586076 -1.78705e-07 3.05786e-07 -1.78705e-07 1.98735e-08
70 1092.49 1508.24 0.283037 0.00263 0.000197721 2.93039e-07 0.000197721 0.00570045 -2.21523e-07 2.93039e-07 -2.21523e-07 1.89999e-08
71 1092.23 1508.21 0.30265 0.00258929 0.000195296 2.89057e-07 0.000195296 0.00557203 -2.00662e-07 2.89057e-07 -2.00662e-07 1.86564e-08
72 1091.91 1508.18 0.320342 0.00253438 0.000193117 2.54678e-07 0.000193117 0.00546877 -1.80081e-07 2.54678e-07 -1.80081e-07 1.83467e-08
73 1091.6 1508.15 0.339587 0.00248287 0.000191786 2.10219e-07 0.000191786 0.00537038 -1.65284e-07 2.10219e-07 -1.65284e-07 1.80746e-08
74 1091.33 1508.12 0.355645 0.00243566 0.000190133 1.99707e-07 0.000190133 0.00527808 -1.73492e-07 1.99707e-07 -1.73492e-07 1.78257e-08
75 1091.03 1508.08 0.37143 0.00238123 0.000186414 2.40315e-07 0.000186414 0.00514063 -1.36352e-07 2.40315e-07 -1.36352e-07 1.724e-08
76 1090.73 1508.02 0.386326 0.00232714 0.00018198 2.70205e-07 0.00018198 0.00499772 -1.63076e-07 2.70205e-07 -1.63076e-07 1.66271e-08
77 1090.5 1507.94 0.402547 0.00228552 0.000180785 3.03902e-07 0.000180785 0.00489458 -1.48849e-07 3.03902e-07 -1.48849e-07 1.63204e-08
78 1090.28 1507.9 0.418473 0.0022479 0.000179506 3.26362e-07 0.000179506 0.00478543 -1.6227e-07 3.26362e-07 -1.6227e-07 1.61985e-08
79 1090.01 1508.1 0.349724 0.00233898 0.000224636 2.98365e-07 0.000224636 0.00475181 -1.4689e-07 2.98365e-07 -1.4689e-07 2.68122e-08
80 1089.93 1508.11 0.326509 0.00233932 0.000228798 2.95374e-07 0.000228798 0.00471607 -1.7116e-07 2.95374e-07 -1.7116e-07 2.70697e-08
81 1089.68 1508.24 0.0991988 0.00264279 0.000285911 2.39405e-07 0.000285911 0.00469007 -2.19387e-07 2.39405e-07 -2.19387e-07 4.94232e-08
82 1089.5 1508.49 6.19198 0.00299736 0.000253683 2.42303e-07 0.000253683 0.0046572 -2.34309e-07 2.42303e-07 -2.34309e-07 6.7914e-08
83 1089.35 1509.26 5.97336 0.00336082 0.000132682 2.34203e-07 0.000132682 0.00462957 -2.49562e-07 2.34203e-07 -2.49562e-07 8.08789e-08
84 1102.92 1499.92 5.71651 0.00363912 -4.93822e-05 3.24897e-07 -4.93822e-05 0.00473913 1.11924e-06 3.24897e-07 1.11924e-06 7.72004e-08
85 1137.27 1478.49 5.78229 0.00406199 1.23706e-05 2.08181e-06 1.23706e-05 0.00533884 2.67628e-06 2.08181e-06 2.67628e-06 7.96775e-08
86 1162.51 1466.64 5.88946 0.00478841 0.00100199 3.07359e-06 0.00100199 0.00760841 2.81706e-06 3.07359e-06 2.81706e-06 7.68694e-08
87 1189.8 1457.75 5.97341 0.00511807 0.00141516 3.17799e-06 0.00141516 0.00905179 2.84465e-06 3.17799e-06 2.84465e-06 7.51554e-08
88 1217.84 1450.49 6.03719 0.00530198 0.0015519 3.04031e-06 0.0015519 0.00994442 2.76856e-06 3.04031e-06 2.76856e-06 6.95344e-08
89 1249.05 1444.21 6.08593 0.00542933 0.00161975 2.74306e-06 0.00161975 0.0107903 2.82269e-06 2.74306e-06 2.82269e-06 6.19501e-08
90 1282.9 1438.29 6.11065 0.00562317 0.00159056 2.64837e-06 0.00159056 0.011171 3.54362e-06 2.64837e-06 3.54362e-06 7.00835e-08
91 1317.62 1433.77 6.12557 0.00567202 0.00144583 2.01515e-06 0.00144583 0.011137 3.66173e-06 2.01515e-06 3.66173e-06 6.74604e-08
92 1359.92 1428.21 6.13948 0.0059085 0.00135977 1.80463e-06 0.00135977 0.0113087 4.4791e-06 1.80463e-06 4.4791e-06 7.34344e-08
93 1400.02 1423.46 6.15264 0.0060513 0.00124833 1.56467e-06 0.00124833 0.0113908 4.4451e-06 1.56467e-06 4.4451e-06 7.15662e-08
94 1445.98 1418.8 6.15744 0.00618348 0.00113159 1.37409e-06 0.00113159 0.0114572 4.90486e-06 1.37409e-06 4.90486e-06 7.08423e-08
95 1492.77 1413.23 6.17018 0.00646122 0.00108559 1.48525e-06 0.00108559 0.0118735 6.12472e-06 1.48525e-06 6.12472e-06 8.13618e-08
96 1527.03 1410.28 6.17877 0.00637656 0.000986386 1.43083e-06 0.000986386 0.0117568 5.4375e-06 1.43083e-06 5.4375e-06 6.45644e-08
97 1528.45 1410.8 6.17701 0.00598402 0.000883389 1.13349e-06 0.000883389 0.0112769 4.04956e-06 1.13349e-06 4.04956e-06 4.58243e-08
98 1573.52 1406.4 6.17528 0.00614787 0.000824024 1.23002e-06 0.000824024 0.0113529 4.71252e-06 1.23002e-06 4.71252e-06 5.92084e-08
99 1618.05 1401.87 6.18101 0.0063497 0.000753234 1.05786e-06 0.000753234 0.0114022 5.51401e-06 1.05786e-06 5.51401e-06 7.05532e-08
100 1664.74 1396.99 6.18188 0.00666899 0.000719956 1.03359e-06 0.000719956 0.011838 7.20181e-06 1.03359e-06 7.20181e-06 8.45881e-08
101 1708.96 1392.6 6.18628 0.00677594 0.000637911 7.52193e-07 0.000637911 0.0119762 7.32226e-06 7.52193e-07 7.32226e-06 7.91713e-08
101 1755.83 1388.08 6.19587 0.00699949 0.000565826 5.89836e-07 0.000565826 0.0121646 8.11646e-06 5.89836e-07 8.11646e-06 8.24046e-08
102 1798.16 1384.33 6.19816 0.00701396 0.000502163 5.24526e-07 0.000502163 0.0123975 7.92833e-06 5.24526e-07 7.92833e-06 7.80484e-08
103 1844.04 1380.71 6.2029 0.0070624 0.000447038 5.71586e-07 0.000447038 0.012452 7.6884e-06 5.71586e-07 7.6884e-06 7.1093e-08
104 1888.26 1377.07 6.2159 0.00723488 0.000415983 6.47222e-07 0.000415983 0.012609 8.04305e-06 6.47222e-07 8.04305e-06 7.43785e-08
105 1905.16 1375.71 6.15161 0.00703585 0.000357779 3.53566e-07 0.000357779 0.0122925 6.92087e-06 3.53566e-07 6.92087e-06 6.79639e-08
107 1903.78 1376.15 5.92623 0.00676836 0.000246448 6.51296e-07 0.000246448 0.0116373 4.75518e-06 6.51296e-07 4.75518e-06 6.0149e-08
108 1903.53 1375.72 5.63913 0.00692792 -5.35824e-05 7.21866e-07 -5.35824e-05 0.0117014 4.16475e-06 7.21866e-07 4.16475e-06 8.86525e-08
109 1904.05 1377.81 5.17568 0.00668001 -0.000373873 6.72927e-07 -0.000373873 0.011767 3.17847e-06 6.72927e-07 3.17847e-06 8.05205e-08
111 1905.94 1381.13 4.97291 0.00607157 -0.00042323 5.34392e-07 -0.00042323 0.0117542 2.62021e-06 5.34392e-07 2.62021e-06 6.69725e-08
112 1910.61 1385.76 4.89857 0.00551785 -0.000373985 8.39108e-07 -0.000373985 0.0114968 2.16851e-06 8.39108e-07 2.16851e-06 5.86917e-08
113 1912.55 1393.11 4.82925 0.00514518 -0.000330476 6.02763e-07 -0.000330476 0.0113533 2.6443e-06 6.02763e-07 2.6443e-06 5.69616e-08
115 1916.2 1393.88 4.77978 0.00492119 -0.000279593 9.5235e-07 -0.000279593 0.0115147 2.55688e-06 9.5235e-07 2.55688e-06 5.91339e-08
116 1919.87 1400.4 4.66713 0.00459536 -0.000202582 9.01872e-07 -0.000202582 0.0111416 2.64303e-06 9.01872e-07 2.64303e-06 5.08521e-08
117 1922 1402.39 4.60717 0.0043122 -0.000122614 8.76742e-07 -0.000122614 0.0108242 2.89607e-06 8.76742e-07 2.89607e-06 4.73983e-08
118 1974.98 1305.07 4.43141 0.06466 -0.0107435 9.21827e-06 -0.0107435 0.0133571 2.75154e-06 9.21827e-06 2.75154e-06 7.91417e-08
120 1947.34 1208.39 4.36589 0.119315 -0.0324825 1.24225e-05 -0.0324825 0.0226414 2.28329e-06 1.24225e-05 2.28329e-06 1.32262e-07
121 1925.47 1116.58 4.20201 0.076171 -0.0261603 1.01642e-05 -0.0261603 0.0248898 2.3511e-06 1.01642e-05 2.3511e-06 9.96537e-08
122 1871.95 1031.38 4.08946 0.0976127 -0.0492193 6.25237e-06 -0.0492193 0.045414 4.84348e-06 6.25237e-06 4.84348e-06 1.16966e-07
123 1823.78 955.659 4.03385 0.0595786 -0.0315664 7.10832e-06 -0.0315664 0.0391677 3.17619e-06 7.10832e-06 3.17619e-06 1.02233e-07
125 1761.69 865.068 3.97528 0.0604845 -0.0402564 2.31355e-06 -0.0402564 0.0534016 6.23969e-06 2.31355e-06 6.23969e-06 1.02257e-07
126 1687.33 791.56 3.95255 0.0600712 -0.0428292 3.66079e-06 -0.0428292 0.059185 5.5442e-06 3.66079e-06 5.5442e-06 1.09443e-07
127 1627.06 708.313 3.92016 0.0621777 -0.0462694 1.18652e-05 -0.0462694 0.0647995 -1.60937e-06 1.18652e-05 -1.60937e-06 1.14018e-07
128 1556.29 637.496 3.88139 0.0636931 -0.0494438 1.10814e-05 -0.0494438 0.0706048 -5.67406e-07 1.10814e-05 -5.67406e-07 1.19431e-07
130 1491.78 568.059 3.87425 0.0547739 -0.0423667 1.10141e-05 -0.0423667 0.0658373 -8.63435e-07 1.10141e-05 -8.63435e-07 1.1657e-07
131 1415.38 492.279 3.90998 0.0458438 -0.0323385 1.42091e-05 -0.0323385 0.0549455 -5.38938e-06 1.42091e-05 -5.38938e-06 1.19674e-07
132 1398.33 395.187 3.92954 0.0605433 -0.0427453 1.794e-05 -0.0427453 0.0597879 -8.04355e-06 1.794e-05 -8.04355e-06 9.32697e-08
134 1370.97 354.795 3.90912 0.0517974 -0.033075 1.66053e-05 -0.033075 0.0474915 -6.12215e-06 1.66053e-05 -6.12215e-06 1.02509e-07
135 1418.02 374.354 3.76986 0.0350833 -0.0197009 1.21688e-05 -0.0197009 0.0359307 -1.93225e-06 1.21688e-05 -1.93225e-06 8.52542e-08
136 1474.89 422.257 3.8362 0.0263503 -0.0118989 6.58557e-06 -0.0118989 0.0283325 5.08871e-06 6.58557e-06 5.08871e-06 8.6433e-08
137 1526.43 456.192 3.88284 0.0229846 -0.00935331 4.67193e-06 -0.00935331 0.0269065 5.96319e-06 4.67193e-06 5.96319e-06 8.80432e-08
138 1570.49 492.12 3.9022 0.0206299 -0.0075841 3.24404e-06 -0.0075841 0.0259447 6.84497e-06 3.24404e-06 6.84497e-06 9.47723e-08
139 1613.76 526.931 3.90663 0.0177819 -0.00574383 4.07282e-06 -0.00574383 0.0247409 4.32281e-06 4.07282e-06 4.32281e-06 7.41429e-08
141 1622.38 535.357 3.72214 0.0177877 -0.00584418 3.42174e-06 -0.00584418 0.0250034 4.60103e-06 3.42174e-06 4.60103e-06 9.2402e-08
142 1623.74 537.168 3.40597 0.0172879 -0.00516285 3.8359e-06 -0.00516285 0.0241405 4.3834e-06 3.8359e-06 4.3834e-06 1.04308e-07
143 1625.62 538.232 3.10765 0.0166974 -0.00460774 4.27601e-06 -0.00460774 0.0232682 3.78863e-06 4.27601e-06 3.78863e-06 1.05132e-07
144 1626.73 539.736 2.83724 0.0162694 -0.00424097 4.32534e-06 -0.00424097 0.0224771 4.06012e-06 4.32534e-06 4.06012e-06 1.07872e-07
145 1618.45 546.839 2.63467 0.0146157 -0.00363982 5.00732e-06 -0.00363982 0.0212444 1.66041e-06 5.00732e-06 1.66041e-06 7.6785e-08
146 1594.79 565.558 2.50509 0.0146795 -0.00128041 5.23112e-06 -0.00128041 0.0243097 2.31669e-07 5.23112e-06 2.31669e-07 7.82765e-08
147 1575.79 585.174 2.38977 0.0143349 -0.000100361 5.43756e-06 -0.000100361 0.0250802 -7.97115e-07 5.43756e-06 -7.97115e-07 7.69133e-08
148 1557.85 608.263 2.27389 0.0155195 0.00208385 5.24434e-06 0.00208385 0.0268222 -5.00669e-07 5.24434e-06 -5.00669e-07 7.12244e-08
149 1540.99 633.137 2.19694 0.0152857 0.00254139 4.6533e-06 0.00254139 0.0269149 -5.98361e-07 4.6533e-06 -5.98361e-07 7.65224e-08
150 1524.59 658.02 2.23149 0.0141369 0.0021024 3.24511e-06 0.0021024 0.0263095 -6.35689e-07 3.24511e-06 -6.35689e-07 7.9681e-08
151 1507.94 679.611 2.32439 0.0138214 0.00227917 2.00304e-06 0.00227917 0.0264289 -1.01842e-06 2.00304e-06 -1.01842e-06 8.02701e-08
152 1489.14 701.179 2.35658 0.0130162 0.00225102 2.18767e-06 0.00225102 0.0256241 -1.14644e-06 2.18767e-06 -1.14644e-06 7.37978e-08
153 1469.09 723.962 2.30475 0.01184 0.00174917 2.04189e-06 0.00174917 0.024828 -2.02912e-06 2.04189e-06 -2.02912e-06 7.85571e-08
154 1451.46 747.026 2.25734 0.0107777 0.00133884 1.7585e-06 0.00133884 0.0236326 -1.95971e-06 1.7585e-06 -1.95971e-06 7.0039e-08
154 1433.74 770.956 2.21982 0.00998131 0.00101047 1.70139e-06 0.00101047 0.0229285 -1.81044e-06 1.70139e-06 -1.81044e-06 6.63499e-08
155 1416.81 794.8 2.25657 0.00956191 0.000968271 9.93055e-07 0.000968271 0.0227153 -1.68855e-06 9.93055e-07 -1.68855e-06 6.52947e-08
156 1400.03 814.105 2.33883 0.00934854 0.00108668 7.30704e-07 0.00108668 0.0224552 -1.59004e-06 7.30704e-07 -1.59004e-06 6.23725e-08
157 1378.75 839.019 2.38771 0.010048 0.00213164 6.72716e-07 0.00213164 0.0219625 -9.50129e-07 6.72716e-07 -9.50129e-07 5.78804e-08
158 1357.06 860.84 2.31912 0.00946411 0.00171409 5.79432e-07 0.00171409 0.0212316 -1.80882e-06 5.79432e-07 -1.80882e-06 6.67083e-08
159 1337.99 884.326 2.27976 0.0106 0.00284746 2.88352e-07 0.00284746 0.0222588 -2.11394e-06 2.88352e-07 -2.11394e-06 7.18456e-08
160 1321.08 904.439 2.34062 0.0100498 0.00244505 -2.61231e-07 0.00244505 0.0217993 -1.90474e-06 -2.61231e-07 -1.90474e-06 7.34023e-08
161 1301.77 923.18 2.42364 0.0102458 0.00279563 -1.27068e-06 0.00279563 0.0222761 -1.82757e-06 -1.27068e-06 -1.82757e-06 7.82298e-08
162 1278.02 943.661 2.42563 0.0114779 0.00426363 -1.57651e-06 0.00426363 0.0241045 -2.64541e-06 -1.57651e-06 -2.64541e-06 8.66919e-08
163 1261.48 961.897 2.29911 0.0111667 0.00416392 4.82843e-07 0.00416392 0.0239348 -2.65345e-06 4.82843e-07 -2.65345e-06 6.77541e-08
164 1245.8 988.441 2.25355 0.0117337 0.00462887 1.28737e-06 0.00462887 0.0228007 -5.12632e-07 1.28737e-06 -5.12632e-07 5.47748e-08
165 1227.28 1011.08 2.35249 0.011407 0.00434483 1.8119e-07 0.00434483 0.0226117 9.78281e-09 1.8119e-07 9.78281e-09 6.51419e-08
166 1207.19 1030.29 2.46413 0.0120566 0.00509356 -1.10102e-06 0.00509356 0.0234182 -7.29162e-08 -1.10102e-06 -7.29162e-08 7.33813e-08
167 1187.71 1049.72 2.46299 0.0108086 0.00419634 -1.08779e-06 0.00419634 0.0211212 -1.48065e-06 -1.08779e-06 -1.48065e-06 6.34465e-08
168 1165.01 1070.4 2.4573 0.00995425 0.00336185 -1.8294e-06 0.00336185 0.0190826 -2.70881e-06 -1.8294e-06 -2.70881e-06 6.72124e-08
169 1140.57 1092.73 2.5144 0.00946612 0.00322368 -1.49322e-06 0.00322368 0.0175461 -1.551e-06 -1.49322e-06 -1.551e-06 5.84783e-08
170 1114.26 1112.7 2.58599 0.00949381 0.00340016 -2.06179e-06 0.00340016 0.0173119 -1.80683e-06 -2.06179e-06 -1.80683e-06 6.42077e-08
171 1086.7 1130.7 2.62197 0.00916928 0.00313361 -2.4951e-06 0.00313361 0.016775 -2.83529e-06 -2.4951e-06 -2.83529e-06 7.14981e-08
172 1056.89 1148.81 2.64726 0.00879101 0.00270427 -2.53852e-06 0.00270427 0.0160563 -3.67556e-06 -2.53852e-06 -3.67556e-06 7.45457e-08
173 1024.04 1167.83 2.67199 0.00858203 0.0022624 -9.33761e-07 0.0022624 0.0153709 -3.22008e-06 -9.33761e-07 -3.22008e-06 6.75904e-08
174 984.174 1190.46 2.70697 0.00848778 0.00186562 -7.09747e-07 0.00186562 0.0148185 -3.80687e-06 -7.09747e-07 -3.80687e-06 7.08539e-08
175 920.957 1228.16 2.78571 0.00872656 0.00147718 -8.08222e-07 0.00147718 0.0147843 -5.46942e-06 -8.08222e-07 -5.46942e-06 8.64409e-08
177 886.492 1249.8 2.81429 0.00874119 0.00183071 6.02314e-07 0.00183071 0.0156903 -4.71483e-06 6.02314e-07 -4.71483e-06 6.9747e-08
178 879.389 1255.11 2.84808 0.00831166 0.00214648 1.46334e-06 0.00214648 0.0163428 -3.84709e-06 1.46334e-06 -3.84709e-06 5.1266e-08
179 881.775 1255.54 2.8854 0.00782885 0.00181269 1.98189e-06 0.00181269 0.0151677 -2.88886e-06 1.98189e-06 -2.88886e-06 4.0053e-08
180 883.259 1255.28 2.89787 0.00744005 0.00158749 2.12012e-06 0.00158749 0.014276 -2.30503e-06 2.12012e-06 -2.30503e-06 3.4105e-08
181 884.323 1253.99 2.89717 0.00707546 0.00133357 2.21246e-06 0.00133357 0.0130567 -1.99139e-06 2.21246e-06 -1.99139e-06 2.94327e-08
182 885.569 1253.34 2.89347 0.00671341 0.0011623 2.19514e-06 0.0011623 0.0122877 -1.67938e-06 2.19514e-06 -1.67938e-06 2.59634e-08
183 886.652 1252.05 2.88573 0.00634321 0.000982581 2.1272e-06 0.000982581 0.011233 -1.39419e-06 2.1272e-06 -1.39419e-06 2.34802e-08
184 888.069 1251.12 2.8756 0.0058886 0.000818546 1.95609e-06 0.000818546 0.0104302 -1.29418e-06 1.95609e-06 -1.29418e-06 2.09547e-08
185 889.026 1250.41 2.86586 0.00557852 0.000720488 1.82991e-06 0.000720488 0.00986982 -1.08446e-06 1.82991e-06 -1.08446e-06 1.87473e-08
186 890.095 1249.48 2.85627 0.00522463 0.000630533 1.63912e-06 0.000630533 0.00918999 -8.56954e-07 1.63912e-06 -8.56954e-07 1.7617e-08
187 890.987 1248.28 2.84451 0.00490109 0.000537194 1.45832e-06 0.000537194 0.00845961 -7.40009e-07 1.45832e-06 -7.40009e-07 1.62037e-08
188 891.901 1247.44 2.83462 0.00459345 0.000458656 1.34792e-06 0.000458656 0.00793815 -6.94451e-07 1.34792e-06 -6.94451e-07 1.49348e-08
188 892.638 1246.81 2.82581 0.00436377 0.000406281 1.25411e-06 0.000406281 0.00755549 -6.47194e-07 1.25411e-06 -6.47194e-07 1.45493e-08
189 893.33 1246.22 2.81485 0.00414859 0.000361436 1.1783e-06 0.000361436 0.0072097 -5.86606e-07 1.1783e-06 -5.86606e-07 1.39876e-08
190