1 1205.42 134.084 1.56096 0.0743714 -0.00150283 4.18908e-05 -0.00150283 0.037289 -2.67879e-06 4.18908e-05 -2.67879e-06 7.35873e-08
2 1207.57 134.176 1.57213 0.0823017 -0.00022317 4.7992e-05 -0.00022317 0.0328242 -4.34161e-07 4.7992e-05 -4.34161e-07 8.56463e-08
3 1207.24 163.871 1.58596 0.0841158 0.000959164 5.06551e-05 0.000959164 0.0381635 2.06797e-06 5.06551e-05 2.06797e-06 1.11774e-07
4 1206.84 200.263 1.60777 0.0684693 -0.000450814 3.84002e-05 -0.000450814 0.0417111 -1.18893e-06 3.84002e-05 -1.18893e-06 9.57443e-08
5 1205.42 239.962 1.62397 0.0835706 0.00148749 5.28389e-05 0.00148749 0.0520559 3.56971e-06 5.28389e-05 3.56971e-06 1.29339e-07
6 1203.59 281.946 1.63657 0.0766525 0.00297207 3.68494e-05 0.00297207 0.0505862 5.78621e-06 3.68494e-05 5.78621e-06 7.24172e-08
7 1201.07 325.141 1.64969 0.0640119 0.000589542 3.69426e-05 0.000589542 0.0506708 1.76585e-06 3.69426e-05 1.76585e-06 1.16439e-07
8 1197.44 378.322 1.65861 0.0922444 0.00307537 4.62489e-05 0.00307537 0.0807376 8.24884e-06 4.62489e-05 8.24884e-06 1.25661e-07
9 1192.22 451.586 1.67605 0.114084 0.000746585 4.20445e-05 0.000746585 0.126139 2.85877e-06 4.20445e-05 2.85877e-06 1.75364e-07
10 1184.48 521.52 1.68759 0.0928268 -0.00293304 3.32681e-05 -0.00293304 0.0986017 -1.65479e-05 3.32681e-05 -1.65479e-05 1.84074e-07
10 1179.3 572.514 1.68888 0.074086 -0.000791735 2.4155e-05 -0.000791735 0.0834518 -3.75445e-06 2.4155e-05 -3.75445e-06 1.08849e-07
11 1172.33 619.579 1.66721 0.0836336 -0.00227877 3.01978e-05 -0.00227877 0.137152 -8.64872e-06 3.01978e-05 -8.64872e-06 1.11373e-07
12 1167.17 665.773 1.65518 0.0764444 -0.00382621 2.78685e-05 -0.00382621 0.157419 -1.49586e-05 2.78685e-05 -1.49586e-05 1.06139e-07
13 1160.64 720.848 1.64585 0.0753508 0.00605549 3.27176e-05 0.00605549 0.155776 1.93687e-05 3.27176e-05 1.93687e-05 1.05902e-07
14 1154.48 800.288 1.63554 0.0797432 0.00138231 2.76769e-05 0.00138231 0.148809 6.03263e-06 2.76769e-05 6.03263e-06 1.29303e-07
15 1149.21 865.286 1.62881 0.095744 0.0052345 3.48103e-05 0.0052345 0.173755 2.25068e-05 3.48103e-05 2.25068e-05 1.52523e-07
16 1145.94 920.887 1.62996 0.0812541 0.00287672 2.2028e-05 0.00287672 0.15636 1.85566e-05 2.2028e-05 1.85566e-05 1.45854e-07
17 1143.15 970.653 1.6393 0.106654 0.0139265 3.9782e-05 0.0139265 0.486276 6.91296e-05 3.9782e-05 6.91296e-05 2.01442e-07
18 1138.91 1025.15 1.64352 0.0929948 0.00631049 2.59733e-05 0.00631049 0.342406 4.36915e-05 2.59733e-05 4.36915e-05 1.83974e-07
19 1136.56 1084.56 1.65546 0.124466 -0.00870272 2.76536e-05 -0.00870272 0.983015 -7.24058e-05 2.76536e-05 -7.24058e-05 2.15192e-07
20 1135.62 1099.97 1.66801 0.0837518 -0.00136339 1.03474e-05 -0.00136339 0.179059 -1.9373e-05 1.03474e-05 -1.9373e-05 1.35987e-07
21 1133.55 1127.63 1.68144 0.102586 -0.0016146 1.07443e-05 -0.0016146 0.191277 -2.39162e-05 1.07443e-05 -2.39162e-05 1.48205e-07
22 1128.73 1165.15 1.71396 0.108945 -0.000695913 2.43448e-05 -0.000695913 0.206652 -4.45398e-06 2.43448e-05 -4.45398e-06 1.33205e-07
23 1121.68 1212.7 1.72627 0.142051 -0.00135361 1.58745e-05 -0.00135361 0.247761 -1.87864e-05 1.58745e-05 -1.87864e-05 2.00257e-07
24 1114.07 1260.38 1.7245 0.105795 -0.00352782 1.32884e-05 -0.00352782 0.37671 -4.86108e-05 1.32884e-05 -4.86108e-05 1.71562e-07
25 1105.52 1313.26 1.7146 0.113297 0.0175958 2.48658e-05 0.0175958 2.11117 0.000146197 2.48658e-05 0.000146197 2.21059e-07
25 1097.28 1344.52 1.6862 0.0953605 0.00188521 1.21202e-05 0.00188521 0.309227 2.36932e-05 1.21202e-05 2.36932e-05 1.65644e-07
26 1091.8 1390.52 1.66658 0.0719386 0.00318514 1.70219e-05 0.00318514 0.332171 2.61099e-05 1.70219e-05 2.61099e-05 1.45698e-07
27 1088.03 1435.34 1.6619 0.0990325 0.00420118 2.04172e-05 0.00420118 0.383601 3.38191e-05 2.04172e-05 3.38191e-05 1.71262e-07
28 1084.31 1480.11 1.65438 0.0986504 0.0121464 1.84865e-05 0.0121464 1.181 0.000110282 1.84865e-05 0.000110282 1.76917e-07
29 1083.06 1489.73 1.64241 0.093886 0.0118188 2.2109e-05 0.0118188 2.23147 8.84245e-05 2.2109e-05 8.84245e-05 1.79697e-07
30 1080.89 1482.77 1.56597 0.137943 -0.00380509 1.75274e-05 -0.00380509 0.689871 -5.5589e-05 1.75274e-05 -5.5589e-05 2.33258e-07
31 1071.31 1477.82 1.3546 0.124877 -0.00203609 1.49473e-05 -0.00203609 0.258078 -3.0355e-05 1.49473e-05 -3.0355e-05 2.07669e-07
33 1060.44 1484.2 1.11896 0.126863 -0.00238945 1.61777e-05 -0.00238945 0.321497 -3.14338e-05 1.61777e-05 -3.14338e-05 1.9774e-07
34 1049.01 1491.81 0.903161 0.0871894 -0.00109527 1.40092e-05 -0.00109527 0.148107 -1.104e-05 1.40092e-05 -1.104e-05 1.31886e-07
35 1047.37 1492.23 0.845084 0.094117 -0.00213636 1.9299e-05 -0.00213636 0.214398 -1.4599e-05 1.9299e-05 -1.4599e-05 1.25945e-07
36 1047.78 1493.53 0.845031 0.0749935 -0.000274138 5.92118e-06 -0.000274138 0.178211 -7.94509e-06 5.92118e-06 -7.94509e-06 1.33454e-07
37 1051.87 1493.8 0.847714 0.120099 0.00300034 -1.72097e-05 0.00300034 0.175404 -2.44133e-05 -1.72097e-05 -2.44133e-05 1.45541e-07
38 1043.27 1502.94 0.716851 0.150246 0.00233723 -1.7021e-05 0.00233723 0.23507 -3.04e-05 -1.7021e-05 -3.04e-05 2.33208e-07
39 1037.65 1513.92 0.526575 0.2088 -0.00175197 1.37035e-05 -0.00175197 0.370277 -4.57997e-05 1.37035e-05 -4.57997e-05 3.24573e-07
40 1037.23 1524.23 0.254969 0.19026 -0.000232857 2.76042e-06 -0.000232857 0.34385 -3.96122e-05 2.76042e-06 -3.96122e-05 2.773e-07
41 1036.37 1534.42 0.01904 0.133626 0.000707019 -5.42187e-06 0.000707019 0.257296 -2.47464e-05 -5.42187e-06 -2.47464e-05 2.24826e-07
42 1036.83 1507.57 0.00626475 0.0804342 -0.00232828 1.48694e-05 -0.00232828 0.217936 -1.97463e-05 1.48694e-05 -1.97463e-05 1.21761e-07
43 1057.97 1521.35 0.0856157 0.141928 0.00107117 -3.54421e-06 0.00107117 0.552503 -5.18563e-05 -3.54421e-06 -5.18563e-05 2.18555e-07
44 1074.34 1516.29 0.173711 0.0903993 -0.0010198 9.34713e-06 -0.0010198 0.447616 -2.05133e-05 9.34713e-06 -2.05133e-05 1.5869e-07
45 1076.24 1518.4 0.185097 0.115021 -0.00205872 9.30741e-06 -0.00205872 0.425533 -4.09451e-05 9.30741e-06 -4.09451e-05 1.69183e-07
46 1077.41 1517.78 0.201766 0.0875008 -0.00242186 1.51762e-05 -0.00242186 0.483593 -2.52311e-05 1.51762e-05 -2.52311e-05 1.41953e-07
47 1079.86 1520.39 0.222158 0.167053 -0.00342122 1.81062e-05 -0.00342122 0.511002 -4.44143e-05 1.81062e-05 -4.44143e-05 2.19578e-07
48 1078.79 1521 0.24396 0.11004 -0.00133041 3.96221e-06 -0.00133041 0.588178 -6.92007e-05 3.96221e-06 -6.92007e-05 1.72821e-07
49 1078.91 1514.59 0.263649 0.0958703 -0.000737802 8.85548e-06 -0.000737802 0.676117 -1.90531e-05 8.85548e-06 -1.90531e-05 1.64952e-07
50 1079.27 1512.36 0.284066 0.093565 -0.000376239 7.95363e-06 -0.000376239 0.592662 -1.17188e-05 7.95363e-06 -1.17188e-05 1.5128e-07
51 1079.49 1512.04 0.304754 0.0916453 -0.00100472 1.37404e-05 -0.00100472 0.575311 -1.3258e-05 1.37404e-05 -1.3258e-05 1.48264e-07
52 1079.86 1504.96 0.32042 0.0863506 -0.000787793 1.25143e-05 -0.000787793 0.243089 -9.34043e-06 1.25143e-05 -9.34043e-06 1.33885e-07
53 1079.96 1504.48 0.337029 0.0762272 -0.000887848 1.20868e-05 -0.000887848 0.266967 -1.04502e-05 1.20868e-05 -1.04502e-05 1.24156e-07
54 1079.93 1507.4 0.352776 0.0873968 -0.0014448 9.77928e-06 -0.0014448 0.446431 -2.49256e-05 9.77928e-06 -2.49256e-05 1.45031e-07
55 1079.68 1508.91 0.368487 0.0987954 -0.00115473 1.04128e-05 -0.00115473 0.567587 -2.10463e-05 1.04128e-05 -2.10463e-05 1.57354e-07
56 1080.98 1504.23 0.384122 0.0831507 -0.000709734 1.1645e-05 -0.000709734 0.291799 -9.22148e-06 1.1645e-05 -9.22148e-06 1.31585e-07
57 1083.07 1504.24 0.40009 0.154399 -0.0004175 2.73583e-05 -0.0004175 0.379268 -3.87155e-06 2.73583e-05 -3.87155e-06 1.87385e-07
58 1080.65 1503.46 0.418322 0.0794929 -0.000186653 3.85555e-06 -0.000186653 0.394161 -1.18374e-05 3.85555e-06 -1.18374e-05 1.37612e-07
59 1080.86 1502.33 0.421728 0.0859219 2.05583e-05 5.00037e-07 2.05583e-05 0.367392 -2.97092e-05 5.00037e-07 -2.97092e-05 1.51862e-07
60 1078.83 1524.01 0.233724 0.176355 -0.000148459 3.02337e-06 -0.000148459 0.517837 -4.01043e-05 3.02337e-06 -4.01043e-05 2.9809e-07
61 1078.12 1531.39 0.11449 0.155742 -0.000307098 2.62821e-06 -0.000307098 0.53866 -5.31821e-05 2.62821e-06 -5.31821e-05 2.47677e-07
62 1080.46 1512.78 0.122884 0.118184 6.05533e-05 6.66126e-07 6.05533e-05 0.281729 -9.90186e-06 6.66126e-07 -9.90186e-06 1.50495e-07
63 1078.84 1513.57 0.13663 0.0802672 -0.00147385 1.40201e-05 -0.00147385 0.262997 -1.6106e-05 1.40201e-05 -1.6106e-05 1.44152e-07
64 1077.82 1515.07 0.144941 0.0819681 -0.00147061 1.11145e-05 -0.00147061 0.283953 -2.06616e-05 1.11145e-05 -2.06616e-05 1.423e-07
65 1078.12 1514.62 0.161402 0.0855791 0.00043033 1.27566e-05 0.00043033 0.375025 3.61322e-06 1.27566e-05 3.61322e-06 1.57516e-07
66 1080.29 1511.26 0.183989 0.0900138 -0.000358823 1.19591e-05 -0.000358823 0.315738 -5.53522e-06 1.19591e-05 -5.53522e-06 1.40089e-07
67 1080.41 1511.22 0.204245 0.0846997 -8.57039e-05 2.21324e-06 -8.57039e-05 0.288058 -1.39427e-05 2.21324e-06 -1.39427e-05 1.40187e-07
67 1080.22 1509.96 0.224004 0.0835319 -0.000270161 1.20051e-05 -0.000270161 0.208112 -4.26769e-06 1.20051e-05 -4.26769e-06 1.39044e-07
68 1080.52 1509.09 0.24311 0.09153 -0.000965132 1.32207e-05 -0.000965132 0.27452 -1.09001e-05 1.32207e-05 -1.09001e-05 1.36074e-07
69 1080.49 1509.25 0.26274 0.0990651 -0.000328192 1.7828e-05 -0.000328192 0.225561 -3.05772e-06 1.7828e-05 -3.05772e-06 1.30999e-07
70 1080.38 1508.14 0.282335 0.0756379 -0.00118899 8.6815e-06 -0.00118899 0.207588 -1.81109e-05 8.6815e-06 -1.81109e-05 1.227e-07
71 1081.78 1508.19 0.302289 0.1057 -0.000394828 1.27204e-05 -0.000394828 0.244141 -5.27458e-06 1.27204e-05 -5.27458e-06 1.40288e-07
72 1081.35 1508.11 0.320052 0.0857171 2.5242e-05 2.677e-06 2.5242e-05 0.290156 -3.61321e-06 2.677e-06 -3.61321e-06 1.43169e-07
73 1081.09 1507.54 0.339553 0.0862548 0.000143111 -1.2281e-06 0.000143111 0.292157 -4.39243e-06 -1.2281e-06 -4.39243e-06 1.39578e-07
74 1081.35 1507.94 0.355314 0.0905012 -0.000515349 6.43847e-06 -0.000515349 0.3002 -1.51065e-05 6.43847e-06 -1.51065e-05 1.49063e-07
75 1081.81 1507.46 0.370785 0.0795986 0.000233935 1.76241e-05 0.000233935 0.194566 1.07718e-06 1.76241e-05 1.07718e-06 1.2793e-07
76 1081.76 1506.62 0.385471 0.0761483 -0.00186688 1.648e-05 -0.00186688 0.177237 -1.37675e-05 1.648e-05 -1.37675e-05 1.17875e-07
77 1081.98 1505.61 0.401908 0.0881745 -0.000953626 2.1865e-05 -0.000953626 0.2307 -5.96475e-06 2.1865e-05 -5.96475e-06 1.25334e-07
78 1082.29 1506.91 0.417814 0.0908564 -0.00232399 2.19848e-05 -0.00232399 0.20883 -1.41874e-05 2.19848e-05 -1.41874e-05 1.30605e-07
79 1079.15 1525.77 0.359661 0.111158 -0.00021236 8.65716e-06 -0.00021236 0.432436 -7.7619e-06 8.65716e-06 -7.7619e-06 1.79061e-07
80 1082.55 1510.28 0.326321 0.221993 -0.00533948 3.10631e-05 -0.00533948 0.585507 -5.99406e-05 3.10631e-05 -5.99406e-05 3.34146e-07
81 1077.9 1532.16 0.112802 0.154891 -0.000438397 3.55623e-06 -0.000438397 0.559107 -5.05502e-05 3.55623e-06 -5.05502e-05 2.52334e-07
82 1077.63 1546.08 6.23177 0.168228 -0.00186057 1.59433e-05 -0.00186057 0.585113 -3.94954e-05 1.59433e-05 -3.94954e-05 2.92345e-07
83 1080 1567.89 6.02559 0.18987 -0.000830783 1.31463e-05 -0.000830783 0.33821 -2.24195e-05 1.31463e-05 -2.24195e-05 2.94781e-07
84 1101.99 1555.17 5.75328 0.114821 -0.000481212 7.83261e-06 -0.000481212 0.640568 -1.84369e-05 7.83261e-06 -1.84369e-05 1.94158e-07
85 1130.77 1511.3 5.78924 0.114686 -0.0004982 1.72246e-05 -0.0004982 1.06751 -1.18902e-05 1.72246e-05 -1.18902e-05 2.13146e-07
86 1153.85 1488.85 5.88472 0.133213 -0.0123312 1.53552e-05 -0.0123312 2.43077 -0.00022686 1.53552e-05 -0.00022686 2.56424e-07
87 1176.85 1488.68 5.96295 0.131223 0.00428855 -7.57662e-06 0.00428855 0.956365 -0.000125607 -7.57662e-06 -0.000125607 2.46533e-07
88 1206.07 1478.23 6.0296 0.11541 -0.00953245 1.80852e-05 -0.00953245 0.808818 -0.000110744 1.80852e-05 -0.000110744 2.02628e-07
89 1236.72 1469.15 6.0773 0.0946371 -0.0053553 1.99054e-05 -0.0053553 0.638605 -4.23746e-05 1.99054e-05 -4.23746e-05 1.47963e-07
90 1269.84 1460.97 6.10504 0.12171 -0.0108155 2.42669e-05 -0.0108155 1.5842 -0.000104911 2.42669e-05 -0.000104911 2.20368e-07
91 1302.06 1465.21 6.11673 0.0854465 -0.000376649 5.20522e-06 -0.000376649 0.401535 -1.93492e-05 5.20522e-06 -1.93492e-05 1.65938e-07
92 1345.84 1458.35 6.13514 0.111777 -0.000349669 9.61825e-06 -0.000349669 0.521751 -1.17979e-05 9.61825e-06 -1.17979e-05 1.87361e-07
93 1386.44 1449.84 6.14666 0.0996088 -0.00198017 8.90031e-06 -0.00198017 0.564315 -4.40236e-05 8.90031e-06 -4.40236e-05 1.73869e-07
94 1432.26 1446.18 6.14957 0.0854156 0.000315873 6.59148e-06 0.000315873 0.398651 3.00703e-06 6.59148e-06 3.00703e-06 1.55795e-07
95 1479.02 1431.61 6.16932 0.125148 0.00262489 1.18807e-05 0.00262489 1.29544 3.35925e-05 1.18807e-05 3.35925e-05 2.17567e-07
96 1508.87 1434.96 6.17593 0.0794043 0.00277506 1.16343e-05 0.00277506 0.312796 3.04524e-05 1.16343e-05 3.04524e-05 1.34678e-07
97 1514.5 1435.12 6.17649 0.0913985 0.00234301 9.56534e-06 0.00234301 0.322108 3.33026e-05 9.56534e-06 3.33026e-05 1.44598e-07
98 1559.79 1428.36 6.17393 0.0912127 0.00512436 1.433e-05 0.00512436 0.474066 4.84893e-05 1.433e-05 4.84893e-05 1.43259e-07
99 1606.28 1427.99 6.18545 0.109446 0.000976592 4.06553e-06 0.000976592 0.393889 3.35146e-05 4.06553e-06 3.35146e-05 1.81836e-07
100 1651.98 1413.49 6.1835 0.1543 0.00316945 3.05183e-06 0.00316945 1.49533 0.00021121 3.05183e-06 0.00021121 2.6828e-07
101 1693.66 1419.23 6.19204 0.101893 -0.0005454 -2.87276e-06 -0.0005454 0.411124 5.01511e-05 -2.87276e-06 5.01511e-05 1.83359e-07
101 1740.39 1415.59 6.20586 0.130246 -0.00219848 -7.09604e-06 -0.00219848 0.350652 6.94369e-05 -7.09604e-06 6.94369e-05 2.10654e-07
102 1780.99 1409.54 6.20257 0.0956198 -0.000107107 -9.52658e-07 -0.000107107 0.568134 8.09386e-05 -9.52658e-07 8.09386e-05 1.88764e-07
103 1826.91 1408.62 6.21149 0.0947062 0.00108693 2.37249e-06 0.00108693 0.300455 6.27524e-05 2.37249e-06 6.27524e-05 1.55517e-07
104 1870.66 1406.88 6.22905 0.131898 0.00238919 4.93668e-06 0.00238919 0.370468 8.54717e-05 4.93668e-06 8.54717e-05 1.90951e-07
105 1881.05 1433.18 6.18861 0.0949572 0.000662024 1.16982e-06 0.000662024 0.31364 7.80936e-05 1.16982e-06 7.80936e-05 1.91754e-07
107 1882.81 1449.04 6.00721 0.0786887 0.00440559 1.26917e-05 0.00440559 0.232632 4.87891e-05 1.26917e-05 4.87891e-05 1.45671e-07
108 1892.75 1454.81 5.75657 0.172633 0.0172132 2.8042e-05 0.0172132 0.804401 0.00020652 2.8042e-05 0.00020652 3.4693e-07
109 1914.57 1486.02 5.47947 0.0914488 0.00417147 1.11031e-05 0.00417147 0.268619 5.81241e-05 1.11031e-05 5.81241e-05 1.61432e-07
111 1930.2 1494.53 5.27809 0.0629606 0.00236281 6.0682e-06 0.00236281 0.256424 4.95959e-05 6.0682e-06 4.95959e-05 1.38974e-07
112 1942.96 1499.04 5.14209 0.0604131 0.00403597 1.49626e-05 0.00403597 0.208072 3.51608e-05 1.49626e-05 3.51608e-05 1.35997e-07
113 1956.26 1497.79 5.01711 0.0761104 0.00396671 7.7022e-06 0.00396671 0.259616 8.00457e-05 7.7022e-06 8.00457e-05 1.62281e-07
115 1965.89 1487.52 4.912 0.117503 0.0420343 5.04345e-05 0.0420343 0.789247 0.00018975 5.04345e-05 0.00018975 2.30104e-07
116 1976.52 1499.61 4.80877 0.0694 0.00666683 1.62981e-05 0.00666683 0.190801 5.233e-05 1.62981e-05 5.233e-05 1.30643e-07
117 1983.46 1496.43 4.71637 0.0673266 0.00409779 8.74466e-06 0.00409779 0.214509 6.28666e-05 8.74466e-06 6.28666e-05 1.39459e-07
118 1979.7 1413.88 4.56575 0.0769502 0.0141696 2.71414e-05 0.0141696 0.326711 9.51539e-05 2.71414e-05 9.51539e-05 1.85387e-07
120 1968.6 1317.66 4.4694 0.241074 0.028152 5.60845e-05 0.028152 0.686041 0.000217397 5.60845e-05 0.000217397 4.38457e-07
121 1948.29 1249.39 4.3927 0.101247 0.0149783 3.15567e-05 0.0149783 0.284479 9.01661e-05 3.15567e-05 9.01661e-05 1.92288e-07
122 1914.51 1151.06 4.2061 0.177864 0.0335399 5.42598e-05 0.0335399 0.466095 0.000196535 5.42598e-05 0.000196535 3.20524e-07
123 1870.35 1077.54 4.19033 0.116762 0.0188769 3.71164e-05 0.0188769 0.322742 0.000109332 3.71164e-05 0.000109332 2.17315e-07
125 1818.83 983.824 4.14677 0.1151 0.0115976 2.056e-05 0.0115976 0.376799 0.000111726 2.056e-05 0.000111726 2.02172e-07
126 1766.34 900.156 4.15566 0.170368 0.0249969 4.5828e-05 0.0249969 0.381627 0.000134693 4.5828e-05 0.000134693 2.49155e-07
127 1712.98 815.443 4.11138 0.218672 0.0432287 9.46407e-05 0.0432287 0.422156 0.000122506 9.46407e-05 0.000122506 2.69763e-07
128 1662.14 735.572 4.06775 0.247361 0.0424349 9.13477e-05 0.0424349 0.419001 0.000134529 9.13477e-05 0.000134529 2.90902e-07
130 1606.24 668.827 4.0854 0.191795 0.0250846 7.47443e-05 0.0250846 0.288364 8.62682e-05 7.47443e-05 8.62682e-05 2.58651e-07
131 1547.75 584.799 4.13932 0.21057 0.0177721 7.96871e-05 0.0177721 0.276035 5.47971e-05 7.96871e-05 5.47971e-05 2.47485e-07
132 1500.81 509.634 4.14218 0.143932 0.0102361 6.83264e-05 0.0102361 0.154861 2.55431e-05 6.83264e-05 2.55431e-05 1.71953e-07
134 1479.08 462.264 4.02328 0.166128 0.00683285 7.94908e-05 0.00683285 0.14609 2.21946e-05 7.94908e-05 2.21946e-05 2.60947e-07
135 1499.63 477.255 3.95511 0.130735 0.0103467 6.84769e-05 0.0103467 0.151997 2.94147e-05 6.84769e-05 2.94147e-05 1.96566e-07
136 1542.4 520.031 3.95744 0.146018 0.0263326 7.22957e-05 0.0263326 0.192348 8.3399e-05 7.22957e-05 8.3399e-05 2.29743e-07
137 1579.87 550.7 3.95066 0.208396 0.0467236 9.42094e-05 0.0467236 0.584852 0.000123074 9.42094e-05 0.000123074 2.50031e-07
138 1615.95 579.566 3.93646 0.226052 0.0457336 0.00010655 0.0457336 0.593779 0.000130794 0.00010655 0.000130794 3.06569e-07
139 1649.25 606.029 3.9363 0.141628 0.0166507 7.00706e-05 0.0166507 0.538398 3.99679e-05 7.00706e-05 3.99679e-05 1.71562e-07
141 1660.26 619.908 3.73857 0.396073 0.0768576 0.000175587 0.0768576 0.955232 0.000306249 0.000175587 0.000306249 7.03385e-07
142 1664.92 616.11 3.42542 0.407861 0.0689597 0.000178538 0.0689597 0.766128 0.000217642 0.000178538 0.000217642 5.66728e-07
143 1663.47 604.483 3.13147 0.318933 0.0481992 0.000136481 0.0481992 0.755171 0.000157787 0.000136481 0.000157787 4.51237e-07
144 1662.36 600.529 2.85784 0.385784 0.0766824 0.000169463 0.0766824 0.765815 0.00025566 0.000169463 0.00025566 5.6758e-07
145 1647.98 594.651 2.66002 0.136672 0.0239288 6.59238e-05 0.0239288 0.464213 7.22797e-05 6.59238e-05 7.22797e-05 2.0152e-07
146 1621.2 603.332 2.52012 0.171404 0.0465219 9.29112e-05 0.0465219 0.663396 0.00015239 9.29112e-05 0.00015239 3.06945e-07
147 1597.77 615.456 2.40132 0.162994 0.0295012 9.30286e-05 0.0295012 0.604288 9.12276e-05 9.30286e-05 9.12276e-05 2.91429e-07
148 1576.96 632.769 2.28594 0.197864 0.0535429 9.47512e-05 0.0535429 0.793831 0.00013847 9.47512e-05 0.00013847 2.46748e-07
149 1555.86 652.546 2.20285 0.195395 0.044222 9.74623e-05 0.044222 0.905583 0.000141136 9.74623e-05 0.000141136 3.15099e-07
150 1539.17 673.657 2.23625 0.19499 0.0155174 8.41273e-05 0.0155174 0.834583 5.36839e-05 8.41273e-05 5.36839e-05 2.99638e-07
151 1522.97 691.734 2.32651 0.187243 -0.011215 7.9103e-05 -0.011215 1.1833 -4.55718e-05 7.9103e-05 -4.55718e-05 3.02038e-07
152 1505.5 714.217 2.35613 0.131663 0.000806442 6.5388e-05 0.000806442 0.44171 1.97366e-06 6.5388e-05 1.97366e-06 2.31556e-07
153 1482.15 734.782 2.30586 0.126517 0.00297753 5.97588e-05 0.00297753 0.637161 1.24717e-05 5.97588e-05 1.24717e-05 2.87876e-07
154 1463.65 756.088 2.26316 0.113118 0.00403553 4.18233e-05 0.00403553 0.418064 1.75614e-05 4.18233e-05 1.75614e-05 1.94391e-07
154 1443.06 776.064 2.22382 0.130045 0.00888539 5.79391e-05 0.00888539 0.581554 2.96313e-05 5.79391e-05 2.96313e-05 1.99545e-07
155 1427.44 794.091 2.25913 0.122991 0.000476547 4.65571e-05 0.000476547 0.762041 4.90642e-09 4.65571e-05 4.90642e-09 1.94725e-07
156 1413 813.776 2.332 0.124747 -0.0108043 5.89511e-05 -0.0108043 0.607389 -3.82505e-05 5.89511e-05 -3.82505e-05 2.02389e-07
157 1394.19 870.536 2.3746 0.0981199 0.0010756 3.43862e-05 0.0010756 0.218597 4.07184e-06 3.43862e-05 4.07184e-06 1.47612e-07
158 1370.54 858.557 2.31537 0.128645 0.00204117 3.92685e-05 0.00204117 0.500207 1.02231e-05 3.92685e-05 1.02231e-05 2.26234e-07
159 1349.32 880.979 2.28092 0.154722 0.0051384 4.4841e-05 0.0051384 0.819801 2.55865e-05 4.4841e-05 2.55865e-05 2.43502e-07
160 1332.45 903.122 2.34253 0.169664 -0.00109525 5.85806e-05 -0.00109525 0.73421 -6.6718e-06 5.85806e-05 -6.6718e-06 2.6648e-07
161 1315.02 921.767 2.41902 0.154282 0.00072573 3.70859e-05 0.00072573 1.09779 1.79218e-06 3.70859e-05 1.79218e-06 3.00055e-07
162 1292.14 939.88 2.42615 0.197646 0.00149587 4.51481e-05 0.00149587 0.828166 8.5355e-06 4.51481e-05 8.5355e-06 3.42498e-07
163 1274.31 957.697 2.3046 0.143696 -0.00411158 5.1078e-05 -0.00411158 0.678968 -1.57904e-05 5.1078e-05 -1.57904e-05 1.78272e-07
164 1258.33 1005.95 2.26612 0.0961918 0.00543077 2.65103e-05 0.00543077 0.228992 2.5119e-05 2.65103e-05 2.5119e-05 1.25531e-07
165 1237.99 1012.47 2.35567 0.16568 0.0111779 4.30842e-05 0.0111779 0.896325 5.9861e-05 4.30842e-05 5.9861e-05 2.4194e-07
166 1217.47 1035.25 2.46393 0.16693 0.00279727 2.63123e-05 0.00279727 0.772612 2.68666e-05 2.63123e-05 2.68666e-05 2.82382e-07
167 1199.87 1063.32 2.45799 0.0745325 -0.000467026 6.23473e-06 -0.000467026 0.174521 -1.36585e-05 6.23473e-06 -1.36585e-05 1.56649e-07
168 1178.98 1078.74 2.44105 0.0952792 6.38446e-05 2.46519e-07 6.38446e-05 0.178108 -2.32798e-05 2.46519e-07 -2.32798e-05 2.00071e-07
169 1155.5 1103.19 2.50053 0.0647202 0.00022809 6.02664e-06 0.00022809 0.116672 3.67826e-06 6.02664e-06 3.67826e-06 1.28582e-07
170 1127.92 1122.82 2.58333 0.103544 5.36303e-05 3.33891e-06 5.36303e-05 0.183979 -1.36935e-06 3.33891e-06 -1.36935e-06 1.80522e-07
171 1102.46 1138.57 2.6164 0.103141 1.05849e-05 9.49533e-07 1.05849e-05 0.228974 -1.84709e-05 9.49533e-07 -1.84709e-05 2.21158e-07
172 1070.56 1158.08 2.64524 0.10404 -0.000228981 3.68584e-06 -0.000228981 0.244192 -1.82926e-05 3.68584e-06 -1.82926e-05 2.11472e-07
173 1036.02 1177.75 2.67765 0.152353 -0.000412594 5.64424e-05 -0.000412594 0.247019 -1.69593e-06 5.64424e-05 -1.69593e-06 1.75242e-07
174 999.467 1197.86 2.72637 0.133609 -0.00156178 3.35747e-05 -0.00156178 0.23439 -8.81635e-06 3.35747e-05 -8.81635e-06 1.72621e-07
175 944.509 1221.99 2.8646 0.142091 0.00256305 4.60762e-05 0.00256305 0.285292 1.05459e-05 4.60762e-05 1.05459e-05 2.01338e-07
177 915.322 1231.47 2.91385 0.108705 -0.0021767 3.6605e-05 -0.0021767 0.143081 -9.32316e-06 3.6605e-05 -9.32316e-06 1.5135e-07
178 908.043 1233.5 2.91361 0.0905164 -0.00592394 3.1396e-05 -0.00592394 0.150849 -2.66174e-05 3.1396e-05 -2.66174e-05 1.3877e-07
179 907.7 1233.31 2.91087 0.1441 -0.01182 7.05423e-05 -0.01182 0.229162 -3.14975e-05 7.05423e-05 -3.14975e-05 1.86209e-07
180 909.086 1233.36 2.90847 0.150145 -0.00789724 6.33815e-05 -0.00789724 0.258821 -2.45445e-05 6.33815e-05 -2.45445e-05 1.93601e-07
181 906.468 1233.68 2.90415 0.147459 -0.0105002 6.61834e-05 -0.0105002 0.158094 -2.82393e-05 6.61834e-05 -2.82393e-05 1.76485e-07
182 909.378 1233.28 2.89834 0.129143 -0.00724104 5.2268e-05 -0.00724104 0.21712 -2.26926e-05 5.2268e-05 -2.26926e-05 1.6104e-07
183 907.249 1233.53 2.88867 0.113085 -0.00333815 4.33537e-05 -0.00333815 0.133672 -1.21512e-05 4.33537e-05 -1.21512e-05 1.54765e-07
184 908.195 1234.1 2.87812 0.0809537 -0.00471897 2.7402e-05 -0.00471897 0.149266 -2.18386e-05 2.7402e-05 -2.18386e-05 1.24467e-07
185 907.49 1232.53 2.86782 0.102327 -0.00332871 3.23581e-05 -0.00332871 0.188529 -1.19813e-05 3.23581e-05 -1.19813e-05 1.13103e-07
186 907.073 1233.63 2.85677 0.0803964 0.000278284 1.73935e-05 0.000278284 0.136547 1.65536e-06 1.73935e-05 1.65536e-06 1.33944e-07
187 906.021 1232.5 2.84491 0.0774307 -0.000963045 1.64853e-05 -0.000963045 0.107306 -6.67463e-06 1.64853e-05 -6.67463e-06 1.07216e-07
188 906.464 1232.26 2.83541 0.0712208 -0.00245129 2.00766e-05 -0.00245129 0.129982 -1.2968e-05 2.00766e-05 -1.2968e-05 1.0292e-07
188 907.171 1232.17 2.82631 0.0837018 -0.00169913 2.06052e-05 -0.00169913 0.157637 -1.21571e-05 2.06052e-05 -1.21571e-05 1.39678e-07
189 906.848 1232.12 2.81497 0.0806708 -0.00140979 2.14302e-05 -0.00140979 0.158518 -8.85174e-06 2.14302e-05 -8.85174e-06 1.27625e-07
190 906.424 1231.88 2.80519 0.0758411 -0.000726835 1.61429e-05 -0.000726835 0.102948 -4.71238e-06 1.61429e-05 -4.71238e-06 9.75904e-08
191 906.762 1232.21 2.79784 0.0758186 -0.00160778 1.7124e-05 -0.00160778 0.161783 -1.00507e-05 1.7124e-05 -1.00507e-05 1.00911e-07
192 906.907 1231.78 2.79032 0.0935792 -0.00150323 2.53819e-05 -0.00150323 0.167102 -8.65619e-06 2.53819e-05 -8.65619e-06 1.3765e-07
193 906.775 1231.38 2.78306 0.0750767 -0.000897333 1.99799e-05 -0.000897333 0.147556 -6.01264e-06 1.99799e-05 -6.01264e-06 1.2488e-07
194 907.374 1231.09 2.78127 0.0731908 -0.00063294 1.67515e-05 -0.00063294 0.15921 -4.87037e-06 1.67515e-05 -4.87037e-06 1.15992e-07
195 878.609 1242.37 2.78345 0.0952155 0.000686357 2.19198e-05 0.000686357 0.16089 4.20446e-06 2.19198e-05